{
 "cells": [
  {
   "cell_type": "code",
   "execution_count": 1,
   "metadata": {},
   "outputs": [],
   "source": [
    "%matplotlib inline\n",
    "import numpy as np\n",
    "import matplotlib.pyplot as plt\n",
    "from qutip import *\n",
    "import tgates8"
   ]
  },
  {
   "cell_type": "code",
   "execution_count": 6,
   "metadata": {},
   "outputs": [],
   "source": [
    "psi0 = tensor(basis(2,0),\n",
    "             basis(2,0),\n",
    "             basis(2,0),\n",
    "             basis(2,0),\n",
    "             basis(2,0),\n",
    "             basis(2,0),\n",
    "             basis(2,0),\n",
    "             (basis(2,0)+basis(2,1))/np.sqrt(2))"
   ]
  },
  {
   "cell_type": "code",
   "execution_count": 47,
   "metadata": {},
   "outputs": [],
   "source": [
    "res = tgates8.CCCRz(psi0, 4, 5, 6, 7, np.pi)"
   ]
  },
  {
   "cell_type": "code",
   "execution_count": 48,
   "metadata": {},
   "outputs": [
    {
     "data": {
      "text/latex": [
       "Quantum object: dims = [[2, 2, 2, 2], [2, 2, 2, 2]], shape = (16, 16), type = oper, isherm = True\\begin{equation*}\\left(\\begin{array}{*{11}c}0.479 & (0.322+0.380j) & (-5.694\\times10^{-04}-0.009j) & (0.031+0.005j) & (0.002-0.001j) & \\cdots & (2.646\\times10^{-04}+3.569\\times10^{-04}j) & (-7.725\\times10^{-07}+1.172\\times10^{-05}j) & (6.013\\times10^{-05}+1.511\\times10^{-05}j) & (-2.088\\times10^{-06}+8.556\\times10^{-06}j) & (2.363\\times10^{-05}+9.108\\times10^{-06}j)\\\\(0.322-0.380j) & 0.519 & (-0.008-0.006j) & (0.025-0.021j) & (7.690\\times10^{-04}-0.003j) & \\cdots & (4.616\\times10^{-04}+3.009\\times10^{-05}j) & (8.786\\times10^{-06}+8.501\\times10^{-06}j) & (5.249\\times10^{-05}-3.759\\times10^{-05}j) & (5.390\\times10^{-06}+7.419\\times10^{-06}j) & (2.314\\times10^{-05}-1.264\\times10^{-05}j)\\\\(-5.694\\times10^{-04}+0.009j) & (-0.008+0.006j) & 1.755\\times10^{-04} & (-1.329\\times10^{-04}+5.797\\times10^{-04}j) & (1.666\\times10^{-05}+4.599\\times10^{-05}j) & \\cdots & (-7.135\\times10^{-06}+4.633\\times10^{-06}j) & (-2.230\\times10^{-07}-2.870\\times10^{-08}j) & (-3.603\\times10^{-07}+1.131\\times10^{-06}j) & (-1.610\\times10^{-07}-5.008\\times10^{-08}j) & (-2.022\\times10^{-07}+4.407\\times10^{-07}j)\\\\(0.031-0.005j) & (0.025+0.021j) & (-1.329\\times10^{-04}-5.797\\times10^{-04}j) & 0.002 & (1.393\\times10^{-04}-8.985\\times10^{-05}j) & \\cdots & (2.070\\times10^{-05}+2.006\\times10^{-05}j) & (7.400\\times10^{-08}+7.582\\times10^{-07}j) & (4.009\\times10^{-06}+3.335\\times10^{-07}j) & (-4.350\\times10^{-08}+5.697\\times10^{-07}j) & (1.609\\times10^{-06}+3.341\\times10^{-07}j)\\\\(0.002+0.001j) & (7.690\\times10^{-04}+0.003j) & (1.666\\times10^{-05}-4.599\\times10^{-05}j) & (1.393\\times10^{-04}+8.985\\times10^{-05}j) & 1.363\\times10^{-05} & \\cdots & (5.364\\times10^{-07}+2.309\\times10^{-06}j) & (-2.869\\times10^{-08}+5.570\\times10^{-08}j) & (2.622\\times10^{-07}+2.018\\times10^{-07}j) & (-2.841\\times10^{-08}+3.744\\times10^{-08}j) & (9.628\\times10^{-08}+9.482\\times10^{-08}j)\\\\\\vdots & \\vdots & \\vdots & \\vdots & \\vdots & \\ddots & \\vdots & \\vdots & \\vdots & \\vdots & \\vdots\\\\(2.646\\times10^{-04}-3.569\\times10^{-04}j) & (4.616\\times10^{-04}-3.009\\times10^{-05}j) & (-7.135\\times10^{-06}-4.633\\times10^{-06}j) & (2.070\\times10^{-05}-2.006\\times10^{-05}j) & (5.364\\times10^{-07}-2.309\\times10^{-06}j) & \\cdots & 4.124\\times10^{-07} & (8.307\\times10^{-09}+7.053\\times10^{-09}j) & (4.451\\times10^{-08}-3.648\\times10^{-08}j) & (5.225\\times10^{-09}+6.286\\times10^{-09}j) & (1.985\\times10^{-08}-1.258\\times10^{-08}j)\\\\(-7.725\\times10^{-07}-1.172\\times10^{-05}j) & (8.786\\times10^{-06}-8.501\\times10^{-06}j) & (-2.230\\times10^{-07}+2.870\\times10^{-08}j) & (7.400\\times10^{-08}-7.582\\times10^{-07}j) & (-2.869\\times10^{-08}-5.570\\times10^{-08}j) & \\cdots & (8.307\\times10^{-09}-7.053\\times10^{-09}j) & 2.880\\times10^{-10} & (2.727\\times10^{-10}-1.496\\times10^{-09}j) & (2.128\\times10^{-10}+3.729\\times10^{-11}j) & (1.848\\times10^{-10}-5.930\\times10^{-10}j)\\\\(6.013\\times10^{-05}-1.511\\times10^{-05}j) & (5.249\\times10^{-05}+3.759\\times10^{-05}j) & (-3.603\\times10^{-07}-1.131\\times10^{-06}j) & (4.009\\times10^{-06}-3.335\\times10^{-07}j) & (2.622\\times10^{-07}-2.018\\times10^{-07}j) & \\cdots & (4.451\\times10^{-08}+3.648\\times10^{-08}j) & (2.727\\times10^{-10}+1.496\\times10^{-09}j) & 8.031\\times10^{-09} & (7.752\\times10^{-12}+1.141\\times10^{-09}j) & (3.256\\times10^{-09}+3.985\\times10^{-10}j)\\\\(-2.088\\times10^{-06}-8.556\\times10^{-06}j) & (5.390\\times10^{-06}-7.419\\times10^{-06}j) & (-1.610\\times10^{-07}+5.008\\times10^{-08}j) & (-4.350\\times10^{-08}-5.697\\times10^{-07}j) & (-2.841\\times10^{-08}-3.744\\times10^{-08}j) & \\cdots & (5.225\\times10^{-09}-6.286\\times10^{-09}j) & (2.128\\times10^{-10}-3.729\\times10^{-11}j) & (7.752\\times10^{-12}-1.141\\times10^{-09}j) & 1.620\\times10^{-10} & (5.974\\times10^{-11}-4.620\\times10^{-10}j)\\\\(2.363\\times10^{-05}-9.108\\times10^{-06}j) & (2.314\\times10^{-05}+1.264\\times10^{-05}j) & (-2.022\\times10^{-07}-4.407\\times10^{-07}j) & (1.609\\times10^{-06}-3.341\\times10^{-07}j) & (9.628\\times10^{-08}-9.482\\times10^{-08}j) & \\cdots & (1.985\\times10^{-08}+1.258\\times10^{-08}j) & (1.848\\times10^{-10}+5.930\\times10^{-10}j) & (3.256\\times10^{-09}-3.985\\times10^{-10}j) & (5.974\\times10^{-11}+4.620\\times10^{-10}j) & 1.340\\times10^{-09}\\\\\\end{array}\\right)\\end{equation*}"
      ],
      "text/plain": [
       "Quantum object: dims = [[2, 2, 2, 2], [2, 2, 2, 2]], shape = (16, 16), type = oper, isherm = True\n",
       "Qobj data =\n",
       "[[ 4.78651206e-01+0.00000000e+00j  3.22274409e-01+3.80206475e-01j\n",
       "  -5.69386543e-04-9.14798399e-03j  3.06438632e-02+5.04404515e-03j\n",
       "   2.34290643e-03-1.01778818e-03j  3.44216865e-03-4.50191131e-03j\n",
       "   4.53301353e-04+5.69360140e-04j -1.84518345e-03+6.05112957e-04j\n",
       "   2.23986725e-03+8.77565725e-04j  8.89302085e-04+5.31477154e-03j\n",
       "   3.21011916e-05-5.58777780e-05j  2.64613956e-04+3.56867241e-04j\n",
       "  -7.72497156e-07+1.17152826e-05j  6.01308950e-05+1.51070571e-05j\n",
       "  -2.08779534e-06+8.55570108e-06j  2.36267477e-05+9.10767033e-06j]\n",
       " [ 3.22274409e-01-3.80206475e-01j  5.18995367e-01+0.00000000e+00j\n",
       "  -7.64987408e-03-5.70702978e-03j  2.46390511e-02-2.09451651e-02j\n",
       "   7.69013267e-04-2.54631194e-03j -1.25839641e-03-5.76533722e-03j\n",
       "   7.57465630e-04+2.32781058e-05j -7.61697739e-04+1.87310322e-03j\n",
       "   2.20517164e-03-1.18832889e-03j  4.82044091e-03+2.87202127e-03j\n",
       "  -2.27716974e-05-6.31212423e-05j  4.61633730e-04+3.00871275e-05j\n",
       "   8.78566727e-06+8.50148113e-06j  5.24859215e-05-3.75921704e-05j\n",
       "   5.39033414e-06+7.41892378e-06j  2.31423033e-05-1.26352410e-05j]\n",
       " [-5.69386543e-04+9.14798399e-03j -7.64987408e-03+5.70702978e-03j\n",
       "   1.75513633e-04+0.00000000e+00j -1.32854669e-04+5.79665433e-04j\n",
       "   1.66649337e-05+4.59883630e-05j  8.19458670e-05+7.11420571e-05j\n",
       "  -1.14208448e-05+7.98620681e-06j -9.36995658e-06-3.59849753e-05j\n",
       "  -1.94365069e-05+4.17644318e-05j -1.02633820e-04+1.06740812e-05j\n",
       "   1.02974990e-06+6.79988346e-07j -7.13522371e-06+4.63278646e-06j\n",
       "  -2.22983598e-07-2.87000549e-08j -3.60255729e-07+1.13125111e-06j\n",
       "  -1.61033030e-07-5.00795133e-08j -2.02171379e-07+4.40720345e-07j]\n",
       " [ 3.06438632e-02-5.04404515e-03j  2.46390511e-02+2.09451651e-02j\n",
       "  -1.32854669e-04-5.79665433e-04j  2.01501371e-03+0.00000000e+00j\n",
       "   1.39270379e-04-8.98497428e-05j  1.72930728e-04-3.24491835e-04j\n",
       "   3.50208726e-05+3.16742580e-05j -1.11754303e-04+5.81847219e-05j\n",
       "   1.52646992e-04+3.25790728e-05j  1.12941529e-04+3.30886980e-04j\n",
       "   1.46631719e-06-3.91565052e-06j  2.07016053e-05+2.00585856e-05j\n",
       "   7.39998495e-08+7.58168001e-07j  4.00885567e-06+3.33511419e-07j\n",
       "  -4.35030187e-08+5.69748210e-07j  1.60859163e-06+3.34105127e-07j]\n",
       " [ 2.34290643e-03+1.01778818e-03j  7.69013267e-04+2.54631194e-03j\n",
       "   1.66649337e-05-4.59883630e-05j  1.39270379e-04+8.98497428e-05j\n",
       "   1.36322718e-05+0.00000000e+00j  2.64214757e-05-1.47166836e-05j\n",
       "   1.00815505e-06+3.75079447e-06j -1.03185136e-05-9.61624809e-07j\n",
       "   9.09769642e-06+9.05829704e-06j -6.94819120e-06+2.79057765e-05j\n",
       "   2.75945885e-07-2.05252156e-07j  5.36404117e-07+2.30946354e-06j\n",
       "  -2.86922180e-08+5.57014630e-08j  2.62206122e-07+2.01806523e-07j\n",
       "  -2.84119217e-08+3.74391069e-08j  9.62821762e-08+9.48194498e-08j]\n",
       " [ 3.44216865e-03+4.50191131e-03j -1.25839641e-03+5.76533722e-03j\n",
       "   8.19458670e-05-7.11420571e-05j  1.72930728e-04+3.24491835e-04j\n",
       "   2.64214757e-05+1.47166836e-05j  6.70963115e-05+0.00000000e+00j\n",
       "  -2.09519821e-06+8.35797771e-06j -1.89607743e-05-1.30031039e-05j\n",
       "   7.85389805e-06+2.73777915e-05j -4.35922903e-05+4.65848592e-05j\n",
       "   7.56405732e-07-9.99141285e-08j -1.45354027e-06+5.05517537e-06j\n",
       "  -1.15742378e-07+7.69835411e-08j  2.90336781e-07+6.74196556e-07j\n",
       "  -9.54840404e-08+4.18908305e-08j  8.42478312e-08+2.87716103e-07j]\n",
       " [ 4.53301353e-04-5.69360140e-04j  7.57465630e-04-2.32781058e-05j\n",
       "  -1.14208448e-05-7.98620681e-06j  3.50208726e-05-3.16742580e-05j\n",
       "   1.00815505e-06-3.75079447e-06j -2.09519821e-06-8.35797771e-06j\n",
       "   1.10655333e-06+0.00000000e+00j -1.02767307e-06+2.76792874e-06j\n",
       "   3.16511435e-06-1.83325434e-06j  7.16417480e-06+3.97546260e-06j\n",
       "  -3.60660659e-08-9.11031055e-08j  6.75096694e-07+2.32063848e-08j\n",
       "   1.32038546e-08+1.20137220e-08j  7.49162894e-08-5.72192968e-08j\n",
       "   8.19986384e-09+1.05860348e-08j  3.32091112e-08-1.94789211e-08j]\n",
       " [-1.84518345e-03-6.05112957e-04j -7.61697739e-04-1.87310322e-03j\n",
       "  -9.36995658e-06+3.59849753e-05j -1.11754303e-04-5.81847219e-05j\n",
       "  -1.03185136e-05+9.61624809e-07j -1.89607743e-05+1.30031039e-05j\n",
       "  -1.02767307e-06-2.76792874e-06j  7.87810330e-06+0.00000000e+00j\n",
       "  -7.52518649e-06-6.21463481e-06j  3.29072947e-06-2.16125157e-05j\n",
       "  -1.94389889e-07+1.74824388e-07j -5.68924295e-07-1.71023670e-06j\n",
       "   1.77884609e-08-4.41854052e-08j -2.12704063e-07-1.34254912e-07j\n",
       "   1.88645320e-08-3.03425246e-08j -7.95663187e-08-6.49787847e-08j]\n",
       " [ 2.23986725e-03-8.77565725e-04j  2.20517164e-03+1.18832889e-03j\n",
       "  -1.94365069e-05-4.17644318e-05j  1.52646992e-04-3.25790728e-05j\n",
       "   9.09769642e-06-9.05829704e-06j  7.85389805e-06-2.73777915e-05j\n",
       "   3.16511435e-06+1.83325434e-06j -7.52518649e-06+6.21463481e-06j\n",
       "   1.20904885e-05+0.00000000e+00j  1.39056997e-05+2.32402249e-05j\n",
       "   4.77717068e-08-3.20337040e-07j  1.89255680e-06+1.18482749e-06j\n",
       "   1.78640298e-08+5.62384353e-08j  3.09082389e-07-3.95507411e-08j\n",
       "   5.91621951e-09+4.38645344e-08j  1.27260429e-07-6.97901576e-10j]\n",
       " [ 8.89302085e-04-5.31477154e-03j  4.82044091e-03-2.87202127e-03j\n",
       "  -1.02633820e-04-1.06740812e-05j  1.12941529e-04-3.30886980e-04j\n",
       "  -6.94819120e-06-2.79057765e-05j -4.35922903e-05-4.65848592e-05j\n",
       "   7.16417480e-06-3.97546260e-06j  3.29072947e-06+2.16125157e-05j\n",
       "   1.39056997e-05-2.32402249e-05j  6.06655834e-05+0.00000000e+00j\n",
       "  -5.60804953e-07-4.60257325e-07j  4.45416113e-06-2.27514300e-06j\n",
       "   1.28647053e-07+3.03437471e-08j  2.79462552e-07-6.39604013e-07j\n",
       "   9.11204553e-08+3.90780548e-08j  1.45025234e-07-2.45421497e-07j]\n",
       " [ 3.21011916e-05+5.58777780e-05j -2.27716974e-05+6.31212423e-05j\n",
       "   1.02974990e-06-6.79988346e-07j  1.46631719e-06+3.91565052e-06j\n",
       "   2.75945885e-07+2.05252156e-07j  7.56405732e-07+9.99141285e-08j\n",
       "  -3.60660659e-08+9.11031055e-08j -1.94389889e-07-1.74824388e-07j\n",
       "   4.77717068e-08+3.20337040e-07j -5.60804953e-07+4.60257325e-07j\n",
       "   8.67607251e-09+0.00000000e+00j -2.39141258e-08+5.48246891e-08j\n",
       "  -1.41945122e-09+6.95515028e-10j  2.26913582e-09+8.03285417e-09j\n",
       "  -1.13881314e-09+3.30066723e-10j  5.21319846e-10+3.36900275e-09j]\n",
       " [ 2.64613956e-04-3.56867241e-04j  4.61633730e-04-3.00871275e-05j\n",
       "  -7.13522371e-06-4.63278646e-06j  2.07016053e-05-2.00585856e-05j\n",
       "   5.36404117e-07-2.30946354e-06j -1.45354027e-06-5.05517537e-06j\n",
       "   6.75096694e-07-2.32063848e-08j -5.68924295e-07+1.71023670e-06j\n",
       "   1.89255680e-06-1.18482749e-06j  4.45416113e-06+2.27514300e-06j\n",
       "  -2.39141258e-08-5.48246891e-08j  4.12356160e-07+0.00000000e+00j\n",
       "   8.30748361e-09+7.05253880e-09j  4.45056599e-08-3.64800260e-08j\n",
       "   5.22465967e-09+6.28646420e-09j  1.98520263e-08-1.25803414e-08j]\n",
       " [-7.72497156e-07-1.17152826e-05j  8.78566727e-06-8.50148113e-06j\n",
       "  -2.22983598e-07+2.87000549e-08j  7.39998495e-08-7.58168001e-07j\n",
       "  -2.86922180e-08-5.57014630e-08j -1.15742378e-07-7.69835411e-08j\n",
       "   1.32038546e-08-1.20137220e-08j  1.77884609e-08+4.41854052e-08j\n",
       "   1.78640298e-08-5.62384353e-08j  1.28647053e-07-3.03437471e-08j\n",
       "  -1.41945122e-09-6.95515028e-10j  8.30748361e-09-7.05253880e-09j\n",
       "   2.87985482e-10+0.00000000e+00j  2.72709014e-10-1.49612197e-09j\n",
       "   2.12775547e-10+3.72919936e-11j  1.84784526e-10-5.92978084e-10j]\n",
       " [ 6.01308950e-05-1.51070571e-05j  5.24859215e-05+3.75921704e-05j\n",
       "  -3.60255729e-07-1.13125111e-06j  4.00885567e-06-3.33511419e-07j\n",
       "   2.62206122e-07-2.01806523e-07j  2.90336781e-07-6.74196556e-07j\n",
       "   7.49162894e-08+5.72192968e-08j -2.12704063e-07+1.34254912e-07j\n",
       "   3.09082389e-07+3.95507411e-08j  2.79462552e-07+6.39604013e-07j\n",
       "   2.26913582e-09-8.03285417e-09j  4.45056599e-08+3.64800260e-08j\n",
       "   2.72709014e-10+1.49612197e-09j  8.03079083e-09+0.00000000e+00j\n",
       "   7.75191287e-12+1.14071040e-09j  3.25558060e-09+3.98456620e-10j]\n",
       " [-2.08779534e-06-8.55570108e-06j  5.39033414e-06-7.41892378e-06j\n",
       "  -1.61033030e-07+5.00795133e-08j -4.35030187e-08-5.69748210e-07j\n",
       "  -2.84119217e-08-3.74391069e-08j -9.54840404e-08-4.18908305e-08j\n",
       "   8.19986384e-09-1.05860348e-08j  1.88645320e-08+3.03425246e-08j\n",
       "   5.91621951e-09-4.38645344e-08j  9.11204553e-08-3.90780548e-08j\n",
       "  -1.13881314e-09-3.30066723e-10j  5.22465967e-09-6.28646420e-09j\n",
       "   2.12775547e-10-3.72919936e-11j  7.75191287e-12-1.14071040e-09j\n",
       "   1.62036383e-10+0.00000000e+00j  5.97401422e-11-4.62044887e-10j]\n",
       " [ 2.36267477e-05-9.10767033e-06j  2.31423033e-05+1.26352410e-05j\n",
       "  -2.02171379e-07-4.40720345e-07j  1.60859163e-06-3.34105127e-07j\n",
       "   9.62821762e-08-9.48194498e-08j  8.42478312e-08-2.87716103e-07j\n",
       "   3.32091112e-08+1.94789211e-08j -7.95663187e-08+6.49787847e-08j\n",
       "   1.27260429e-07+6.97901576e-10j  1.45025234e-07+2.45421497e-07j\n",
       "   5.21319846e-10-3.36900275e-09j  1.98520263e-08+1.25803414e-08j\n",
       "   1.84784526e-10+5.92978084e-10j  3.25558060e-09-3.98456620e-10j\n",
       "   5.97401422e-11+4.62044887e-10j  1.33954089e-09+0.00000000e+00j]]"
      ]
     },
     "execution_count": 48,
     "metadata": {},
     "output_type": "execute_result"
    }
   ],
   "source": [
    "ptrace(res.states[-1], [4,5,6,7])"
   ]
  },
  {
   "cell_type": "code",
   "execution_count": 49,
   "metadata": {},
   "outputs": [],
   "source": [
    "res1 = tgates8.Rz(res.states[-1], 7, 4*np.pi/16)"
   ]
  },
  {
   "cell_type": "code",
   "execution_count": 50,
   "metadata": {},
   "outputs": [
    {
     "data": {
      "text/latex": [
       "Quantum object: dims = [[2, 2, 2, 2], [2, 2, 2, 2]], shape = (16, 16), type = oper, isherm = True\\begin{equation*}\\left(\\begin{array}{*{11}c}0.479 & (0.497+0.041j) & (-6.330\\times10^{-04}-0.009j) & (0.025-0.018j) & (0.002-0.001j) & \\cdots & (4.408\\times10^{-04}+5.721\\times10^{-05}j) & (-5.371\\times10^{-07}+1.173\\times10^{-05}j) & (5.258\\times10^{-05}-3.292\\times10^{-05}j) & (-1.907\\times10^{-06}+8.604\\times10^{-06}j) & (2.294\\times10^{-05}-1.076\\times10^{-05}j)\\\\(0.497-0.041j) & 0.519 & (-0.001-0.009j) & (0.025-0.021j) & (0.002-0.001j) & \\cdots & (4.623\\times10^{-04}+2.167\\times10^{-05}j) & (4.463\\times10^{-07}+1.222\\times10^{-05}j) & (5.175\\times10^{-05}-3.866\\times10^{-05}j) & (-1.243\\times10^{-06}+9.092\\times10^{-06}j) & (2.288\\times10^{-05}-1.313\\times10^{-05}j)\\\\(-6.330\\times10^{-04}+0.009j) & (-0.001+0.009j) & 1.760\\times10^{-04} & (3.168\\times10^{-04}+5.052\\times10^{-04}j) & (1.694\\times10^{-05}+4.602\\times10^{-05}j) & \\cdots & (-1.677\\times10^{-06}+8.357\\times10^{-06}j) & (-2.238\\times10^{-07}-2.579\\times10^{-08}j) & (5.602\\times10^{-07}+1.049\\times10^{-06}j) & (-1.621\\times10^{-07}-4.786\\times10^{-08}j) & (1.756\\times10^{-07}+4.531\\times10^{-07}j)\\\\(0.025+0.018j) & (0.025+0.021j) & (3.168\\times10^{-04}-5.052\\times10^{-04}j) & 0.002 & (1.626\\times10^{-04}+3.422\\times10^{-05}j) & \\cdots & (2.097\\times10^{-05}+1.986\\times10^{-05}j) & (-4.768\\times10^{-07}+5.959\\times10^{-07}j) & (4.021\\times10^{-06}+2.810\\times10^{-07}j) & (-4.291\\times10^{-07}+3.791\\times10^{-07}j) & (1.616\\times10^{-06}+3.116\\times10^{-07}j)\\\\(0.002+0.001j) & (0.002+0.001j) & (1.694\\times10^{-05}-4.602\\times10^{-05}j) & (1.626\\times10^{-04}-3.422\\times10^{-05}j) & 1.366\\times10^{-05} & \\cdots & (2.024\\times10^{-06}+1.243\\times10^{-06}j) & (-2.828\\times10^{-08}+5.603\\times10^{-08}j) & (3.283\\times10^{-07}-4.549\\times10^{-08}j) & (-2.811\\times10^{-08}+3.777\\times10^{-08}j) & (1.353\\times10^{-07}-2.309\\times10^{-09}j)\\\\\\vdots & \\vdots & \\vdots & \\vdots & \\vdots & \\ddots & \\vdots & \\vdots & \\vdots & \\vdots & \\vdots\\\\(4.408\\times10^{-04}-5.721\\times10^{-05}j) & (4.623\\times10^{-04}-2.167\\times10^{-05}j) & (-1.677\\times10^{-06}-8.357\\times10^{-06}j) & (2.097\\times10^{-05}-1.986\\times10^{-05}j) & (2.024\\times10^{-06}-1.243\\times10^{-06}j) & \\cdots & 4.128\\times10^{-07} & (9.079\\times10^{-10}+1.087\\times10^{-08}j) & (4.449\\times10^{-08}-3.660\\times10^{-08}j) & (-7.276\\times10^{-10}+8.151\\times10^{-09}j) & (1.984\\times10^{-08}-1.265\\times10^{-08}j)\\\\(-5.371\\times10^{-07}-1.173\\times10^{-05}j) & (4.463\\times10^{-07}-1.222\\times10^{-05}j) & (-2.238\\times10^{-07}+2.579\\times10^{-08}j) & (-4.768\\times10^{-07}-5.959\\times10^{-07}j) & (-2.828\\times10^{-08}-5.603\\times10^{-08}j) & \\cdots & (9.079\\times10^{-10}-1.087\\times10^{-08}j) & 2.883\\times10^{-10} & (-8.660\\times10^{-10}-1.252\\times10^{-09}j) & (2.131\\times10^{-10}+3.709\\times10^{-11}j) & (-2.896\\times10^{-10}-5.503\\times10^{-10}j)\\\\(5.258\\times10^{-05}+3.292\\times10^{-05}j) & (5.175\\times10^{-05}+3.866\\times10^{-05}j) & (5.602\\times10^{-07}-1.049\\times10^{-06}j) & (4.021\\times10^{-06}-2.810\\times10^{-07}j) & (3.283\\times10^{-07}+4.549\\times10^{-08}j) & \\cdots & (4.449\\times10^{-08}+3.660\\times10^{-08}j) & (-8.660\\times10^{-10}+1.252\\times10^{-09}j) & 8.039\\times10^{-09} & (-8.011\\times10^{-10}+8.139\\times10^{-10}j) & (3.260\\times10^{-09}+3.952\\times10^{-10}j)\\\\(-1.907\\times10^{-06}-8.604\\times10^{-06}j) & (-1.243\\times10^{-06}-9.092\\times10^{-06}j) & (-1.621\\times10^{-07}+4.786\\times10^{-08}j) & (-4.291\\times10^{-07}-3.791\\times10^{-07}j) & (-2.811\\times10^{-08}-3.777\\times10^{-08}j) & \\cdots & (-7.276\\times10^{-10}-8.151\\times10^{-09}j) & (2.131\\times10^{-10}-3.709\\times10^{-11}j) & (-8.011\\times10^{-10}-8.139\\times10^{-10}j) & 1.622\\times10^{-10} & (-2.848\\times10^{-10}-3.694\\times10^{-10}j)\\\\(2.294\\times10^{-05}+1.076\\times10^{-05}j) & (2.288\\times10^{-05}+1.313\\times10^{-05}j) & (1.756\\times10^{-07}-4.531\\times10^{-07}j) & (1.616\\times10^{-06}-3.116\\times10^{-07}j) & (1.353\\times10^{-07}+2.309\\times10^{-09}j) & \\cdots & (1.984\\times10^{-08}+1.265\\times10^{-08}j) & (-2.896\\times10^{-10}+5.503\\times10^{-10}j) & (3.260\\times10^{-09}-3.952\\times10^{-10}j) & (-2.848\\times10^{-10}+3.694\\times10^{-10}j) & 1.341\\times10^{-09}\\\\\\end{array}\\right)\\end{equation*}"
      ],
      "text/plain": [
       "Quantum object: dims = [[2, 2, 2, 2], [2, 2, 2, 2]], shape = (16, 16), type = oper, isherm = True\n",
       "Qobj data =\n",
       "[[ 4.78654063e-01+0.00000000e+00j  4.96727724e-01+4.09438071e-02j\n",
       "  -6.33033545e-04-9.15709572e-03j  2.51448057e-02-1.83001154e-02j\n",
       "   2.33326111e-03-1.04663256e-03j -8.16811997e-04-5.61440003e-03j\n",
       "   4.62463705e-04+5.62635231e-04j -8.50320295e-04+1.74731593e-03j\n",
       "   2.25491124e-03+8.43101925e-04j  4.43835699e-03+3.06258955e-03j\n",
       "   3.10912063e-05-5.64870782e-05j  4.40797332e-04+5.72105980e-05j\n",
       "  -5.37141693e-07+1.17342747e-05j  5.25778066e-05-3.29171950e-05j\n",
       "  -1.90672487e-06+8.60361850e-06j  2.29381386e-05-1.07631401e-05j]\n",
       " [ 4.96727724e-01-4.09438071e-02j  5.18986146e-01+0.00000000e+00j\n",
       "  -1.44022944e-03-9.44871226e-03j  2.45288751e-02-2.11419887e-02j\n",
       "   2.33183513e-03-1.28573859e-03j -1.32790699e-03-5.75652642e-03j\n",
       "   5.28053539e-04+5.44321073e-04j -7.32963377e-04+1.88602936e-03j\n",
       "   2.41217367e-03+6.82053021e-04j  4.86791866e-03+2.79857627e-03j\n",
       "   2.74333159e-05-6.12795178e-05j  4.62335311e-04+2.16652694e-05j\n",
       "   4.46319638e-07+1.22232999e-05j  5.17473910e-05-3.86576034e-05j\n",
       "  -1.24277271e-06+9.09158565e-06j  2.28835945e-05-1.31316650e-05j]\n",
       " [-6.33033545e-04+9.15709572e-03j -1.44022944e-03+9.44871226e-03j\n",
       "   1.76020930e-04+0.00000000e+00j  3.16843447e-04+5.05245852e-04j\n",
       "   1.69372467e-05+4.60216481e-05j  1.08488932e-04-8.20116738e-06j\n",
       "  -1.13753546e-05+8.10325816e-06j -3.23032000e-05-1.85782899e-05j\n",
       "  -1.91115049e-05+4.20235151e-05j -6.44600285e-05+8.08595203e-05j\n",
       "   1.03953114e-06+6.69509343e-07j -1.67745869e-06+8.35719874e-06j\n",
       "  -2.23777162e-07-2.57949286e-08j  5.60200802e-07+1.04939608e-06j\n",
       "  -1.62073496e-07-4.78559424e-08j  1.75572506e-07+4.53062403e-07j]\n",
       " [ 2.51448057e-02+1.83001154e-02j  2.45288751e-02+2.11419887e-02j\n",
       "   3.16843447e-04-5.05245852e-04j  2.02057301e-03+0.00000000e+00j\n",
       "   1.62586928e-04+3.42242479e-05j  1.71743219e-04-3.26166148e-04j\n",
       "   2.78336787e-06+4.72376493e-05j -1.11473454e-04+5.92807252e-05j\n",
       "   8.62218576e-05+1.30500867e-04j  1.16066877e-04+3.30574160e-04j\n",
       "   3.79293217e-06-1.77870410e-06j  2.09688029e-05+1.98581651e-05j\n",
       "  -4.76847315e-07+5.95892366e-07j  4.02053874e-06+2.80961698e-07j\n",
       "  -4.29102047e-07+3.79069237e-07j  1.61649468e-06+3.11568477e-07j]\n",
       " [ 2.33326111e-03+1.04663256e-03j  2.33183513e-03+1.28573859e-03j\n",
       "   1.69372467e-05-4.60216481e-05j  1.62586928e-04-3.42242479e-05j\n",
       "   1.36623662e-05+0.00000000e+00j  8.29488039e-06-2.91541728e-05j\n",
       "   1.02407201e-06+3.75386863e-06j -7.96570489e-06+6.65819354e-06j\n",
       "   9.14831631e-06+9.04043396e-06j  1.49386381e-05+2.46339704e-05j\n",
       "   2.75073645e-07-2.07369041e-07j  2.02362598e-06+1.24273488e-06j\n",
       "  -2.82767175e-08+5.60257163e-08j  3.28274576e-07-4.54916574e-08j\n",
       "  -2.81073854e-08+3.77701758e-08j  1.35349775e-07-2.30942067e-09j]\n",
       " [-8.16811997e-04+5.61440003e-03j -1.32790699e-03+5.75652642e-03j\n",
       "   1.08488932e-04+8.20116738e-06j  1.71743219e-04+3.26166148e-04j\n",
       "   8.29488039e-06+2.91541728e-05j  6.72482949e-05+0.00000000e+00j\n",
       "  -7.38864545e-06+4.46437041e-06j -1.90441897e-05-1.29556341e-05j\n",
       "  -1.37371654e-05+2.50103757e-05j -4.34967709e-05+4.68337230e-05j\n",
       "   6.09511976e-07+4.61079953e-07j -1.42326533e-06+5.07272880e-06j\n",
       "  -1.36721222e-07-2.63247001e-08j  2.96381308e-07+6.72886797e-07j\n",
       "  -9.76628506e-08-3.70469121e-08j  8.71034652e-08+2.87421248e-07j]\n",
       " [ 4.62463705e-04-5.62635231e-04j  5.28053539e-04-5.44321073e-04j\n",
       "  -1.13753546e-05-8.10325816e-06j  2.78336787e-06-4.72376493e-05j\n",
       "   1.02407201e-06-3.75386863e-06j -7.38864545e-06-4.46437041e-06j\n",
       "   1.10817211e-06+0.00000000e+00j  1.23232888e-06+2.68772471e-06j\n",
       "   3.16966588e-06-1.83595739e-06j  7.88815993e-06-2.25808070e-06j\n",
       "  -3.63583373e-08-9.11226602e-08j  4.93135823e-07-4.62860969e-07j\n",
       "   1.32741123e-08+1.19687503e-08j  1.21067679e-08-9.36065058e-08j\n",
       "   8.27091659e-09+1.05538682e-08j  9.51069905e-09-3.73617775e-08j]\n",
       " [-8.50320295e-04-1.74731593e-03j -7.32963377e-04-1.88602936e-03j\n",
       "  -3.23032000e-05+1.85782899e-05j -1.11473454e-04-5.92807252e-05j\n",
       "  -7.96570489e-06-6.65819354e-06j -1.90441897e-05+1.29556341e-05j\n",
       "   1.23232888e-06-2.68772471e-06j  7.88911626e-06+0.00000000e+00j\n",
       "  -9.28084397e-07-9.72925827e-06j  3.29525349e-06-2.16427577e-05j\n",
       "  -2.61437779e-07-1.31494776e-08j -5.74222490e-07-1.71075437e-06j\n",
       "   4.37899292e-08-1.88849032e-08j -2.13567006e-07-1.33457302e-07j\n",
       "   3.47945787e-08-8.32371642e-09j -8.00397907e-08-6.46146369e-08j]\n",
       " [ 2.25491124e-03-8.43101925e-04j  2.41217367e-03-6.82053021e-04j\n",
       "  -1.91115049e-05-4.20235151e-05j  8.62218576e-05-1.30500867e-04j\n",
       "   9.14831631e-06-9.04043396e-06j -1.37371654e-05-2.50103757e-05j\n",
       "   3.16966588e-06+1.83595739e-06j -9.28084397e-07+9.72925827e-06j\n",
       "   1.21077956e-05+0.00000000e+00j  2.63032891e-05+6.60995176e-06j\n",
       "   4.69724333e-08-3.20871409e-07j  2.17734122e-06-5.06905252e-07j\n",
       "   1.81383245e-08+5.62256024e-08j  1.89710573e-07-2.47681597e-07j\n",
       "   6.17195634e-09+4.38896503e-08j  8.91020169e-08-9.11077913e-08j]\n",
       " [ 4.43835699e-03-3.06258955e-03j  4.86791866e-03-2.79857627e-03j\n",
       "  -6.44600285e-05-8.08595203e-05j  1.16066877e-04-3.30574160e-04j\n",
       "   1.49386381e-05-2.46339704e-05j -4.34967709e-05-4.68337230e-05j\n",
       "   7.88815993e-06+2.25808070e-06j  3.29525349e-06+2.16427577e-05j\n",
       "   2.63032891e-05-6.60995176e-06j  6.07504873e-05+0.00000000e+00j\n",
       "  -7.31276832e-08-7.22712809e-07j  4.45338014e-06-2.28987974e-06j\n",
       "   7.00991446e-08+1.12243787e-07j  2.76916522e-07-6.41637725e-07j\n",
       "   3.73685879e-08+9.19775876e-08j  1.43829485e-07-2.46567973e-07j]\n",
       " [ 3.10912063e-05+5.64870782e-05j  2.74333159e-05+6.12795178e-05j\n",
       "   1.03953114e-06-6.69509343e-07j  3.79293217e-06+1.77870410e-06j\n",
       "   2.75073645e-07+2.07369041e-07j  6.09511976e-07-4.61079953e-07j\n",
       "  -3.63583373e-08+9.11226602e-08j -2.61437779e-07+1.31494776e-08j\n",
       "   4.69724333e-08+3.20871409e-07j -7.31276832e-08+7.22712809e-07j\n",
       "   8.68571571e-09+0.00000000e+00j  2.18806484e-08+5.57356595e-08j\n",
       "  -1.41967932e-09+6.98816150e-10j  7.29985154e-09+4.06667681e-09j\n",
       "  -1.13918525e-09+3.33835170e-10j  2.76014107e-09+2.00785807e-09j]\n",
       " [ 4.40797332e-04-5.72105980e-05j  4.62335311e-04-2.16652694e-05j\n",
       "  -1.67745869e-06-8.35719874e-06j  2.09688029e-05-1.98581651e-05j\n",
       "   2.02362598e-06-1.24273488e-06j -1.42326533e-06-5.07272880e-06j\n",
       "   4.93135823e-07+4.62860969e-07j -5.74222490e-07+1.71075437e-06j\n",
       "   2.17734122e-06+5.06905252e-07j  4.45338014e-06+2.28987974e-06j\n",
       "   2.18806484e-08-5.57356595e-08j  4.12772721e-07+0.00000000e+00j\n",
       "   9.07867038e-10+1.08704126e-08j  4.44850386e-08-3.65980796e-08j\n",
       "  -7.27584078e-10+8.15105783e-09j  1.98375097e-08-1.26535395e-08j]\n",
       " [-5.37141693e-07-1.17342747e-05j  4.46319638e-07-1.22232999e-05j\n",
       "  -2.23777162e-07+2.57949286e-08j -4.76847315e-07-5.95892366e-07j\n",
       "  -2.82767175e-08-5.60257163e-08j -1.36721222e-07+2.63247001e-08j\n",
       "   1.32741123e-08-1.19687503e-08j  4.37899292e-08+1.88849032e-08j\n",
       "   1.81383245e-08-5.62256024e-08j  7.00991446e-08-1.12243787e-07j\n",
       "  -1.41967932e-09-6.98816150e-10j  9.07867038e-10-1.08704126e-08j\n",
       "   2.88270243e-10+0.00000000e+00j -8.65972257e-10-1.25201325e-09j\n",
       "   2.13058683e-10+3.70887296e-11j -2.89600954e-10-5.50253530e-10j]\n",
       " [ 5.25778066e-05+3.29171950e-05j  5.17473910e-05+3.86576034e-05j\n",
       "   5.60200802e-07-1.04939608e-06j  4.02053874e-06-2.80961698e-07j\n",
       "   3.28274576e-07+4.54916574e-08j  2.96381308e-07-6.72886797e-07j\n",
       "   1.21067679e-08+9.36065058e-08j -2.13567006e-07+1.33457302e-07j\n",
       "   1.89710573e-07+2.47681597e-07j  2.76916522e-07+6.41637725e-07j\n",
       "   7.29985154e-09-4.06667681e-09j  4.44850386e-08+3.65980796e-08j\n",
       "  -8.65972257e-10+1.25201325e-09j  8.03914095e-09+0.00000000e+00j\n",
       "  -8.01118028e-10+8.13939305e-10j  3.25982692e-09+3.95184948e-10j]\n",
       " [-1.90672487e-06-8.60361850e-06j -1.24277271e-06-9.09158565e-06j\n",
       "  -1.62073496e-07+4.78559424e-08j -4.29102047e-07-3.79069237e-07j\n",
       "  -2.81073854e-08-3.77701758e-08j -9.76628506e-08+3.70469121e-08j\n",
       "   8.27091659e-09-1.05538682e-08j  3.47945787e-08+8.32371642e-09j\n",
       "   6.17195634e-09-4.38896503e-08j  3.73685879e-08-9.19775876e-08j\n",
       "  -1.13918525e-09-3.33835170e-10j -7.27584078e-10-8.15105783e-09j\n",
       "   2.13058683e-10-3.70887296e-11j -8.01118028e-10-8.13939305e-10j\n",
       "   1.62242122e-10+0.00000000e+00j -2.84837593e-10-3.69428906e-10j]\n",
       " [ 2.29381386e-05+1.07631401e-05j  2.28835945e-05+1.31316650e-05j\n",
       "   1.75572506e-07-4.53062403e-07j  1.61649468e-06-3.11568477e-07j\n",
       "   1.35349775e-07+2.30942067e-09j  8.71034652e-08-2.87421248e-07j\n",
       "   9.51069905e-09+3.73617775e-08j -8.00397907e-08+6.46146369e-08j\n",
       "   8.91020169e-08+9.11077913e-08j  1.43829485e-07+2.46567973e-07j\n",
       "   2.76014107e-09-2.00785807e-09j  1.98375097e-08+1.26535395e-08j\n",
       "  -2.89600954e-10+5.50253530e-10j  3.25982692e-09-3.95184948e-10j\n",
       "  -2.84837593e-10+3.69428906e-10j  1.34126802e-09+0.00000000e+00j]]"
      ]
     },
     "execution_count": 50,
     "metadata": {},
     "output_type": "execute_result"
    }
   ],
   "source": [
    "ptrace(res1.states[-1], [4,5,6,7])"
   ]
  },
  {
   "cell_type": "code",
   "execution_count": 4,
   "metadata": {},
   "outputs": [],
   "source": [
    "# H, CCCRz, CNOT, CCCP\n",
    "\n",
    "\n",
    "psi0 = tensor(basis(2,1),\n",
    "             basis(2,1),\n",
    "             basis(2,1),\n",
    "             basis(2,1),\n",
    "             basis(2,0),\n",
    "             basis(2,0),\n",
    "             basis(2,0),\n",
    "             basis(2,0))"
   ]
  },
  {
   "cell_type": "code",
   "execution_count": 5,
   "metadata": {},
   "outputs": [],
   "source": [
    "res1 = tgates8.CCCCNOT(psi0, 0, 1, 2, 3, 7)"
   ]
  },
  {
   "cell_type": "code",
   "execution_count": 6,
   "metadata": {},
   "outputs": [],
   "source": [
    "psi0 = tensor((basis(2,0)+basis(2,1))/np.sqrt(2),\n",
    "             (basis(2,0)+basis(2,1))/np.sqrt(2),\n",
    "             (basis(2,0)+basis(2,1))/np.sqrt(2),\n",
    "             (basis(2,0)+basis(2,1))/np.sqrt(2),\n",
    "             (basis(2,0)+basis(2,1))/np.sqrt(2),\n",
    "             (basis(2,0)+basis(2,1))/np.sqrt(2),\n",
    "             (basis(2,0)+basis(2,1))/np.sqrt(2),\n",
    "             basis(2,0))"
   ]
  },
  {
   "cell_type": "code",
   "execution_count": 7,
   "metadata": {},
   "outputs": [],
   "source": [
    "res2 = tgates8.CCCCNOT(psi0, 0, 1, 2, 3, 7)"
   ]
  },
  {
   "cell_type": "code",
   "execution_count": 8,
   "metadata": {},
   "outputs": [],
   "source": [
    "psi0 = tensor((basis(2,0)+basis(2,1))/np.sqrt(2),\n",
    "             (basis(2,0)+basis(2,1))/np.sqrt(2),\n",
    "             (basis(2,0)+basis(2,1))/np.sqrt(2),\n",
    "             (basis(2,0)+basis(2,1))/np.sqrt(2),\n",
    "             (basis(2,0)+basis(2,1))/np.sqrt(2),\n",
    "             (basis(2,0)+basis(2,1))/np.sqrt(2),\n",
    "             (basis(2,0)+basis(2,1))/np.sqrt(2),\n",
    "             (basis(2,0)+basis(2,1))/np.sqrt(2))"
   ]
  },
  {
   "cell_type": "code",
   "execution_count": 9,
   "metadata": {},
   "outputs": [],
   "source": [
    "res3 = tgates8.CCCCNOT(psi0, 0, 1, 2, 3, 7)"
   ]
  },
  {
   "cell_type": "code",
   "execution_count": 11,
   "metadata": {},
   "outputs": [
    {
     "data": {
      "text/latex": [
       "Quantum object: dims = [[2, 2, 2, 2, 2], [2, 2, 2, 2, 2]], shape = (32, 32), type = oper, isherm = True\\begin{equation*}\\left(\\begin{array}{*{11}c}1.777\\times10^{-04} & (0.001+0.001j) & (-0.006+0.005j) & (-0.008-0.003j) & (0.003+3.086\\times10^{-04}j) & \\cdots & (-5.629\\times10^{-06}-1.955\\times10^{-06}j) & (3.897\\times10^{-06}+1.779\\times10^{-05}j) & (-4.233\\times10^{-06}-7.951\\times10^{-07}j) & (-3.273\\times10^{-06}+1.496\\times10^{-06}j) & (-6.858\\times10^{-07}-1.679\\times10^{-06}j)\\\\(0.001-0.001j) & 0.016 & (-0.011+0.072j) & (-0.075+0.038j) & (0.024-0.020j) & \\cdots & (-5.121\\times10^{-05}+2.421\\times10^{-05}j) & (1.449\\times10^{-04}+9.477\\times10^{-05}j) & (-3.402\\times10^{-05}+2.279\\times10^{-05}j) & (-1.225\\times10^{-05}+3.194\\times10^{-05}j) & (-1.583\\times10^{-05}-6.824\\times10^{-06}j)\\\\(-0.006-0.005j) & (-0.011-0.072j) & 0.332 & (0.220+0.312j) & (-0.105-0.096j) & \\cdots & (1.430\\times10^{-04}+2.144\\times10^{-04}j) & (3.304\\times10^{-04}-7.150\\times10^{-04}j) & (1.252\\times10^{-04}+1.380\\times10^{-04}j) & (1.519\\times10^{-04}+3.392\\times10^{-05}j) & (-2.021\\times10^{-05}+7.578\\times10^{-05}j)\\\\(-0.008+0.003j) & (-0.075-0.038j) & (0.220-0.312j) & 0.438 & (-0.160+0.035j) & \\cdots & (2.958\\times10^{-04}+7.942\\times10^{-06}j) & (-4.518\\times10^{-04}-7.835\\times10^{-04}j) & (2.123\\times10^{-04}-2.599\\times10^{-05}j) & (1.324\\times10^{-04}-1.200\\times10^{-04}j) & (5.769\\times10^{-05}+6.915\\times10^{-05}j)\\\\(0.003-3.086\\times10^{-04}j) & (0.024+0.020j) & (-0.105+0.096j) & (-0.160-0.035j) & 0.061 & \\cdots & (-1.074\\times10^{-04}-2.636\\times10^{-05}j) & (1.029\\times10^{-04}+3.220\\times10^{-04}j) & (-7.961\\times10^{-05}-7.344\\times10^{-06}j) & (-5.789\\times10^{-05}+3.333\\times10^{-05}j) & (-1.559\\times10^{-05}-2.983\\times10^{-05}j)\\\\\\vdots & \\vdots & \\vdots & \\vdots & \\vdots & \\ddots & \\vdots & \\vdots & \\vdots & \\vdots & \\vdots\\\\(-5.629\\times10^{-06}+1.955\\times10^{-06}j) & (-5.121\\times10^{-05}-2.421\\times10^{-05}j) & (1.430\\times10^{-04}-2.144\\times10^{-04}j) & (2.958\\times10^{-04}-7.942\\times10^{-06}j) & (-1.074\\times10^{-04}+2.636\\times10^{-05}j) & \\cdots & 1.998\\times10^{-07} & (-3.191\\times10^{-07}-5.206\\times10^{-07}j) & (1.428\\times10^{-07}-2.138\\times10^{-08}j) & (8.720\\times10^{-08}-8.338\\times10^{-08}j) & (4.018\\times10^{-08}+4.562\\times10^{-08}j)\\\\(3.897\\times10^{-06}-1.779\\times10^{-05}j) & (1.449\\times10^{-04}-9.477\\times10^{-05}j) & (3.304\\times10^{-04}+7.150\\times10^{-04}j) & (-4.518\\times10^{-04}+7.835\\times10^{-04}j) & (1.029\\times10^{-04}-3.220\\times10^{-04}j) & \\cdots & (-3.191\\times10^{-07}+5.206\\times10^{-07}j) & 1.866\\times10^{-06} & (-1.724\\times10^{-07}+4.063\\times10^{-07}j) & (7.799\\times10^{-08}+3.604\\times10^{-07}j) & (-1.831\\times10^{-07}+3.184\\times10^{-08}j)\\\\(-4.233\\times10^{-06}+7.951\\times10^{-07}j) & (-3.402\\times10^{-05}-2.279\\times10^{-05}j) & (1.252\\times10^{-04}-1.380\\times10^{-04}j) & (2.123\\times10^{-04}+2.599\\times10^{-05}j) & (-7.961\\times10^{-05}+7.344\\times10^{-06}j) & \\cdots & (1.428\\times10^{-07}+2.138\\times10^{-08}j) & (-1.724\\times10^{-07}-4.063\\times10^{-07}j) & 1.044\\times10^{-07} & (7.126\\times10^{-08}-5.028\\times10^{-08}j) & (2.384\\times10^{-08}+3.692\\times10^{-08}j)\\\\(-3.273\\times10^{-06}-1.496\\times10^{-06}j) & (-1.225\\times10^{-05}-3.194\\times10^{-05}j) & (1.519\\times10^{-04}-3.392\\times10^{-05}j) & (1.324\\times10^{-04}+1.200\\times10^{-04}j) & (-5.789\\times10^{-05}-3.333\\times10^{-05}j) & \\cdots & (8.720\\times10^{-08}+8.338\\times10^{-08}j) & (7.799\\times10^{-08}-3.604\\times10^{-07}j) & (7.126\\times10^{-08}+5.028\\times10^{-08}j) & 7.287\\times10^{-08} & (-1.502\\times10^{-09}+3.669\\times10^{-08}j)\\\\(-6.858\\times10^{-07}+1.679\\times10^{-06}j) & (-1.583\\times10^{-05}+6.824\\times10^{-06}j) & (-2.021\\times10^{-05}-7.578\\times10^{-05}j) & (5.769\\times10^{-05}-6.915\\times10^{-05}j) & (-1.559\\times10^{-05}+2.983\\times10^{-05}j) & \\cdots & (4.018\\times10^{-08}-4.562\\times10^{-08}j) & (-1.831\\times10^{-07}-3.184\\times10^{-08}j) & (2.384\\times10^{-08}-3.692\\times10^{-08}j) & (-1.502\\times10^{-09}-3.669\\times10^{-08}j) & 1.850\\times10^{-08}\\\\\\end{array}\\right)\\end{equation*}"
      ],
      "text/plain": [
       "Quantum object: dims = [[2, 2, 2, 2, 2], [2, 2, 2, 2, 2]], shape = (32, 32), type = oper, isherm = True\n",
       "Qobj data =\n",
       "[[ 1.77745548e-04+0.00000000e+00j  1.20600111e-03+1.18343725e-03j\n",
       "  -6.12665829e-03+4.64256363e-03j ... -4.23337979e-06-7.95098395e-07j\n",
       "  -3.27312860e-06+1.49614034e-06j -6.85777633e-07-1.67874964e-06j]\n",
       " [ 1.20600111e-03-1.18343725e-03j  1.60620756e-02+0.00000000e+00j\n",
       "  -1.06589110e-02+7.22912766e-02j ... -3.40172223e-05+2.27912871e-05j\n",
       "  -1.22467682e-05+3.19439182e-05j -1.58301768e-05-6.82435737e-06j]\n",
       " [-6.12665829e-03-4.64256363e-03j -1.06589110e-02-7.22912766e-02j\n",
       "   3.32437800e-01+0.00000000e+00j ...  1.25151807e-04+1.37978315e-04j\n",
       "   1.51898416e-04+3.39213399e-05j -2.02096584e-05+7.57762536e-05j]\n",
       " ...\n",
       " [-4.23337979e-06+7.95098395e-07j -3.40172223e-05-2.27912871e-05j\n",
       "   1.25151807e-04-1.37978315e-04j ...  1.04383407e-07+0.00000000e+00j\n",
       "   7.12637691e-08-5.02751810e-08j  2.38426693e-08+3.69152656e-08j]\n",
       " [-3.27312860e-06-1.49614034e-06j -1.22467682e-05-3.19439182e-05j\n",
       "   1.51898416e-04-3.39213399e-05j ...  7.12637691e-08+5.02751810e-08j\n",
       "   7.28671233e-08+0.00000000e+00j -1.50218493e-09+3.66860556e-08j]\n",
       " [-6.85777633e-07+1.67874964e-06j -1.58301768e-05+6.82435737e-06j\n",
       "  -2.02096584e-05-7.57762536e-05j ...  2.38426693e-08-3.69152656e-08j\n",
       "  -1.50218493e-09-3.66860556e-08j  1.85011178e-08+0.00000000e+00j]]"
      ]
     },
     "execution_count": 11,
     "metadata": {},
     "output_type": "execute_result"
    }
   ],
   "source": [
    "ptrace(res.states[-1], [0,1,2,3,7])"
   ]
  },
  {
   "cell_type": "code",
   "execution_count": 16,
   "metadata": {},
   "outputs": [
    {
     "data": {
      "text/latex": [
       "Quantum object: dims = [[2, 2, 2, 2, 2, 2, 2, 2], [1, 1, 1, 1, 1, 1, 1, 1]], shape = (256, 1), type = ket\\begin{equation*}\\left(\\begin{array}{*{11}c}(2.387\\times10^{-04}-5.822\\times10^{-04}j)\\\\(2.377\\times10^{-04}+4.083\\times10^{-04}j)\\\\0.0\\\\0.0\\\\0.0\\\\\\vdots\\\\0.0\\\\0.0\\\\0.0\\\\0.0\\\\0.0\\\\\\end{array}\\right)\\end{equation*}"
      ],
      "text/plain": [
       "Quantum object: dims = [[2, 2, 2, 2, 2, 2, 2, 2], [1, 1, 1, 1, 1, 1, 1, 1]], shape = (256, 1), type = ket\n",
       "Qobj data =\n",
       "[[ 2.38738345e-04-5.82205264e-04j]\n",
       " [ 2.37694388e-04+4.08278571e-04j]\n",
