"Matriz de adyacencia ponderada: "
SparseArray[Automatic, {4, 4}, 0, {1, {{0, 3, 6, 9, 13}, {{2}, {3}, {4}, {1}, 
   {3}, {4}, {1}, {2}, {4}, {1}, {2}, {3}, {4}}}, 
  {1/3, 1/3, 1/4, 1/3, 1/3, 1/4, 1/3, 1/3, 1/4, 1/3, 1/3, 1/3, 1/4}}]
"Matriz de Google: "
{{0.037500000000000006, 0.3208333333333333, 0.3208333333333333, 0.25}, 
 {0.3208333333333333, 0.037500000000000006, 0.3208333333333333, 0.25}, 
 {0.3208333333333333, 0.3208333333333333, 0.037500000000000006, 0.25}, 
 {0.3208333333333333, 0.3208333333333333, 0.3208333333333333, 0.25}}
"PageRank obtenido recorriendo la caminata cl\[AAcute]sica: "
{{0.23346303501945503}, {0.23346303501945503}, {0.23346303501945503}, 
{0.29961089494163395}}
"PageRank dado por la funci\[OAcute]n de Mathematica:"
{0.23346303487150366, 0.23346303487150366, 0.23346303487150366, 
0.2996108953854889}
"Operador de difusi\[OAcute]n cu\[AAcute]ntico"
{{0.8556250000000001, -0.2029210514584428, -0.2029210514584428, 
-0.2029210514584428, -0.0786090559703878, 0.048124999999999994, 
0.14076505371441525, 0.14076505371441525, -0.0786090559703878, 
0.14076505371441525, 0.048124999999999994, 0.14076505371441525, 
-0.10968705484240152, 0.10968705484240152, 0.10968705484240152, 
0.10968705484240152}, {-0.0786090559703878, 0.1284027777777779, 
-0.2299305555555556, -0.2299305555555556, 0.048124999999999994, 
-0.2029210514584428, 0.048124999999999994, 0.048124999999999994, 
0.4117361111111109, -0.2299305555555556, 0.14076505371441525, 
0.4117361111111109, 0.32083333333333325, -0.32083333333333325, 
0.32083333333333325, 0.32083333333333325}, {-0.0786090559703878, 
-0.2299305555555556, 0.1284027777777779, -0.2299305555555556, 
0.4117361111111109, 0.14076505371441525, -0.2299305555555556, 
0.4117361111111109, 0.048124999999999994, 0.048124999999999994, 
-0.2029210514584428, 0.048124999999999994, 0.32083333333333325, 
0.32083333333333325, -0.32083333333333325, 0.32083333333333325}, 
{-0.10968705484240152, -0.32083333333333325, -0.32083333333333325, 
0.17916666666666675, 0.32083333333333325, 0.10968705484240152, 
0.32083333333333325, -0.17916666666666675, 0.32083333333333325, 
0.32083333333333325, 0.10968705484240152, -0.17916666666666675, 0.25, 0.25, 
0.25, -0.25}, {-0.2029210514584428, 0.048124999999999994, 
0.048124999999999994, 0.048124999999999994, 0.1284027777777779, 
-0.0786090559703878, -0.2299305555555556, -0.2299305555555556, 
-0.2299305555555556, 0.4117361111111109, 0.14076505371441525, 
0.4117361111111109, -0.32083333333333325, 0.32083333333333325, 
0.32083333333333325, 0.32083333333333325}, {0.048124999999999994, 
-0.0786090559703878, 0.14076505371441525, 0.14076505371441525, 
-0.2029210514584428, 0.8556250000000001, -0.2029210514584428, 
-0.2029210514584428, 0.14076505371441525, -0.0786090559703878, 
0.048124999999999994, 0.14076505371441525, 0.10968705484240152, 
-0.10968705484240152, 0.10968705484240152, 0.10968705484240152}, 
{0.14076505371441525, 0.4117361111111109, -0.2299305555555556, 
0.4117361111111109, -0.2299305555555556, -0.0786090559703878, 
0.1284027777777779, -0.2299305555555556, 0.048124999999999994, 
0.048124999999999994, -0.2029210514584428, 0.048124999999999994, 
0.32083333333333325, 0.32083333333333325, -0.32083333333333325, 
0.32083333333333325}, {0.10968705484240152, 0.32083333333333325, 
0.32083333333333325, -0.17916666666666675, -0.32083333333333325, 
-0.10968705484240152, -0.32083333333333325, 0.17916666666666675, 
0.32083333333333325, 0.32083333333333325, 0.10968705484240152, 
-0.17916666666666675, 0.25, 0.25, 0.25, -0.25}, {-0.2029210514584428, 
0.048124999999999994, 0.048124999999999994, 0.048124999999999994, 
-0.2299305555555556, 0.14076505371441525, 0.4117361111111109, 
0.4117361111111109, 0.1284027777777779, -0.2299305555555556, 
-0.0786090559703878, -0.2299305555555556, -0.32083333333333325, 
0.32083333333333325, 0.32083333333333325, 0.32083333333333325}, 
{0.14076505371441525, -0.2299305555555556, 0.4117361111111109, 
0.4117361111111109, 0.048124999999999994, -0.2029210514584428, 
0.048124999999999994, 0.048124999999999994, -0.2299305555555556, 
0.1284027777777779, -0.0786090559703878, -0.2299305555555556, 
0.32083333333333325, -0.32083333333333325, 0.32083333333333325, 
0.32083333333333325}, {0.048124999999999994, 0.14076505371441525, 
-0.0786090559703878, 0.14076505371441525, 0.14076505371441525, 
0.048124999999999994, -0.0786090559703878, 0.14076505371441525, 
-0.2029210514584428, -0.2029210514584428, 0.8556250000000001, 
-0.2029210514584428, 0.10968705484240152, 0.10968705484240152, 
-0.10968705484240152, 0.10968705484240152}, {0.10968705484240152, 
0.32083333333333325, 0.32083333333333325, -0.17916666666666675, 
0.32083333333333325, 0.10968705484240152, 0.32083333333333325, 
-0.17916666666666675, -0.32083333333333325, -0.32083333333333325, 
-0.10968705484240152, 0.17916666666666675, 0.25, 0.25, 0.25, -0.25}, 
{-0.2029210514584428, 0.048124999999999994, 0.048124999999999994, 
0.048124999999999994, -0.2299305555555556, 0.14076505371441525, 
0.4117361111111109, 0.4117361111111109, -0.2299305555555556, 
0.4117361111111109, 0.14076505371441525, 0.4117361111111109, 
0.17916666666666675, -0.17916666666666675, -0.17916666666666675, 
-0.17916666666666675}, {0.14076505371441525, -0.2299305555555556, 
0.4117361111111109, 0.4117361111111109, 0.048124999999999994, 
-0.2029210514584428, 0.048124999999999994, 0.048124999999999994, 
0.4117361111111109, -0.2299305555555556, 0.14076505371441525, 
0.4117361111111109, -0.17916666666666675, 0.17916666666666675, 
-0.17916666666666675, -0.17916666666666675}, {0.14076505371441525, 
0.4117361111111109, -0.2299305555555556, 0.4117361111111109, 
0.4117361111111109, 0.14076505371441525, -0.2299305555555556, 
0.4117361111111109, 0.048124999999999994, 0.048124999999999994, 
-0.2029210514584428, 0.048124999999999994, -0.17916666666666675, 
-0.17916666666666675, 0.17916666666666675, -0.17916666666666675}, 
{0.10968705484240152, 0.32083333333333325, 0.32083333333333325, 
-0.17916666666666675, 0.32083333333333325, 0.10968705484240152, 
0.32083333333333325, -0.17916666666666675, 0.32083333333333325, 
0.32083333333333325, 0.10968705484240152, -0.17916666666666675, -0.25, -0.25, 
-0.25, 0.25}}
"PageRank cu\[AAcute]ntico: "
{0.2333887484384396, 0.23338874843843954, 0.2333887484384396, 
 0.29983375468464746}
