"Matriz de adyacencia ponderada: "
SparseArray[Automatic, {4, 4}, 0, {1, {{0, 3, 7, 11, 15}, {{2}, {3}, {4}, 
   {1}, {2}, {3}, {4}, {1}, {2}, {3}, {4}, {1}, {2}, {3}, {4}}}, 
  {1/4, 1/4, 1/4, 1/3, 1/4, 1/4, 1/4, 1/3, 1/4, 1/4, 1/4, 1/3, 1/4, 1/4, 
   1/4}}]
"Matriz de Google: "
{{0.037500000000000006, 0.25, 0.25, 0.25}, {0.3208333333333333, 0.25, 0.25, 
  0.25}, {0.3208333333333333, 0.25, 0.25, 0.25}, 
 {0.3208333333333333, 0.25, 0.25, 0.25}}
"PageRank obtenido recorriendo la caminata cl\[AAcute]sica: "
{{0.20618556701030916}, {0.2646048109965634}, {0.2646048109965634}, 
{0.2646048109965634}}
"PageRank dado por la funci\[OAcute]n de Mathematica:"
{0.2061855670103093, 0.2646048109965636, 0.2646048109965636, 
0.2646048109965636}
"Operador de difusi\[OAcute]n cu\[AAcute]ntico"
{{0.8556250000000001, -0.2029210514584428, -0.2029210514584428, 
-0.2029210514584428, -0.10968705484240152, 0.10968705484240152, 
0.10968705484240152, 0.10968705484240152, -0.10968705484240152, 
0.10968705484240152, 0.10968705484240152, 0.10968705484240152, 
-0.10968705484240152, 0.10968705484240152, 0.10968705484240152, 
0.10968705484240152}, {-0.10968705484240152, 0.17916666666666675, 
-0.32083333333333325, -0.32083333333333325, 0.25, -0.25, 0.25, 0.25, 0.25, 
-0.25, 0.25, 0.25, 0.25, -0.25, 0.25, 0.25}, {-0.10968705484240152, 
-0.32083333333333325, 0.17916666666666675, -0.32083333333333325, 0.25, 0.25, 
-0.25, 0.25, 0.25, 0.25, -0.25, 0.25, 0.25, 0.25, -0.25, 0.25}, 
{-0.10968705484240152, -0.32083333333333325, -0.32083333333333325, 
0.17916666666666675, 0.25, 0.25, 0.25, -0.25, 0.25, 0.25, 0.25, -0.25, 0.25, 
0.25, 0.25, -0.25}, {-0.2029210514584428, 0.048124999999999994, 
0.048124999999999994, 0.048124999999999994, 0.17916666666666675, 
-0.17916666666666675, -0.17916666666666675, -0.17916666666666675, 
-0.32083333333333325, 0.32083333333333325, 0.32083333333333325, 
0.32083333333333325, -0.32083333333333325, 0.32083333333333325, 
0.32083333333333325, 0.32083333333333325}, {0.10968705484240152, 
-0.17916666666666675, 0.32083333333333325, 0.32083333333333325, -0.25, 0.25, 
-0.25, -0.25, 0.25, -0.25, 0.25, 0.25, 0.25, -0.25, 0.25, 0.25}, 
{0.10968705484240152, 0.32083333333333325, -0.17916666666666675, 
0.32083333333333325, -0.25, -0.25, 0.25, -0.25, 0.25, 0.25, -0.25, 0.25, 
0.25, 0.25, -0.25, 0.25}, {0.10968705484240152, 0.32083333333333325, 
0.32083333333333325, -0.17916666666666675, -0.25, -0.25, -0.25, 0.25, 0.25, 
0.25, 0.25, -0.25, 0.25, 0.25, 0.25, -0.25}, {-0.2029210514584428, 
0.048124999999999994, 0.048124999999999994, 0.048124999999999994, 
-0.32083333333333325, 0.32083333333333325, 0.32083333333333325, 
0.32083333333333325, 0.17916666666666675, -0.17916666666666675, 
-0.17916666666666675, -0.17916666666666675, -0.32083333333333325, 
0.32083333333333325, 0.32083333333333325, 0.32083333333333325}, 
{0.10968705484240152, -0.17916666666666675, 0.32083333333333325, 
0.32083333333333325, 0.25, -0.25, 0.25, 0.25, -0.25, 0.25, -0.25, -0.25, 
0.25, -0.25, 0.25, 0.25}, {0.10968705484240152, 0.32083333333333325, 
-0.17916666666666675, 0.32083333333333325, 0.25, 0.25, -0.25, 0.25, -0.25, 
-0.25, 0.25, -0.25, 0.25, 0.25, -0.25, 0.25}, {0.10968705484240152, 
0.32083333333333325, 0.32083333333333325, -0.17916666666666675, 0.25, 0.25, 
0.25, -0.25, -0.25, -0.25, -0.25, 0.25, 0.25, 0.25, 0.25, -0.25}, 
{-0.2029210514584428, 0.048124999999999994, 0.048124999999999994, 
0.048124999999999994, -0.32083333333333325, 0.32083333333333325, 
0.32083333333333325, 0.32083333333333325, -0.32083333333333325, 
0.32083333333333325, 0.32083333333333325, 0.32083333333333325, 
0.17916666666666675, -0.17916666666666675, -0.17916666666666675, 
-0.17916666666666675}, {0.10968705484240152, -0.17916666666666675, 
0.32083333333333325, 0.32083333333333325, 0.25, -0.25, 0.25, 0.25, 0.25, 
-0.25, 0.25, 0.25, -0.25, 0.25, -0.25, -0.25}, {0.10968705484240152, 
0.32083333333333325, -0.17916666666666675, 0.32083333333333325, 0.25, 0.25, 
-0.25, 0.25, 0.25, 0.25, -0.25, 0.25, -0.25, -0.25, 0.25, -0.25}, 
{0.10968705484240152, 0.32083333333333325, 0.32083333333333325, 
-0.17916666666666675, 0.25, 0.25, 0.25, -0.25, 0.25, 0.25, 0.25, -0.25, 
-0.25, -0.25, -0.25, 0.25}}
"PageRank cu\[AAcute]ntico: "
{0.20683030875096506, 0.2643898970830087, 0.26438989708300875, 
 0.26438989708300875}
